4122
4116
4155
4159
4116
4233
4114
12060
4205
4122
4114
4116
4116
11948
4160
4118
4116
4151
11298
4131
4120
4096
4116
4210
4125
4116
4232
4096
4119
4233
45477
4116
8277
4164
12022
4120
4303
4127
4304
4117
4136
4156
8540
4386
4116
4115
4116
4113
4176
8112
4179
4154
11509
8310
4124
4116
4116
8397
4118
4170
4116
7421
8374
4129
4125
4168
4135
4120
4116
4350
4127
11336
4204
4120
4123
4177
7321
4115
4256
4276
4120
4116
4352
4116
4145
8156
4296
4120
4142
4124
4122
4133
4152
4124
15432
4138
7333
4176
4096
4116
4116
4297
4116
4155
4337
4131
4116
